INFO: setting server port as: 5001
INFO: Waiting for incoming connection...
R0:11002.152125,0.041792,11002.152268,11002.194098
R1:11002.356057,0.133472,11002.356122,11002.489596
R2:11002.525901,0.018341,11002.525954,11002.544296
R3:11002.795544,0.121834,11002.795647,11002.917482
R4:11002.840971,0.067281,11002.918560,11002.985842
R5:11002.877158,0.082600,11002.987123,11003.069744
R6:11002.949291,0.060026,11003.070898,11003.130925
R7:11002.999764,0.206605,11003.131617,11003.338223
R8:11003.337724,0.105280,11003.339800,11003.445082
R9:11003.449991,0.077822,11003.450043,11003.527885
R10:11003.467135,0.023187,11003.528614,11003.551802
R11:11003.468975,0.135879,11003.552500,11003.688380
R12:11003.485399,0.042700,11003.689480,11003.732181
R13:11003.504345,0.009600,11003.732987,11003.742587
R14:11003.519826,0.020519,11003.743420,11003.763939
R15:11004.279386,0.152254,11004.279479,11004.431754
R16:11004.359363,0.029252,11004.432937,11004.462211
R17:11004.464762,0.061912,11004.464792,11004.526704
R18:11004.577555,0.300302,11004.577637,11004.877941
R19:11004.653195,0.122966,11004.879107,11005.002075
R20:11004.691658,0.122442,11005.003277,11005.125720
R21:11004.774798,0.185106,11005.126739,11005.311847
R22:11004.831616,0.036214,11005.313029,11005.349245
R23:11004.868644,0.209469,11005.350022,11005.559493
R24:11005.051876,0.248530,11005.560523,11005.809055
R25:11005.059937,0.007499,11005.810275,11005.817776
R26:11005.142910,0.090695,11005.818375,11005.909072
R27:11005.166645,0.035757,11005.909737,11005.945494
R28:11005.412159,0.001686,11005.946183,11005.947869
R29:11005.419553,0.005431,11005.948616,11005.954065
R30:11005.487562,0.293994,11005.954749,11006.248744
R31:11005.517831,0.158606,11006.250197,11006.408804
R32:11005.776182,0.064667,11006.410221,11006.474890
R33:11005.810687,0.119013,11006.475965,11006.594979
R34:11005.862997,0.091816,11006.595782,11006.687599
R35:11005.942884,0.003339,11006.688340,11006.691680
R36:11006.027182,0.223819,11006.692372,11006.916191
R37:11006.091159,0.106364,11006.916961,11007.023327
R38:11006.387955,0.111788,11007.025337,11007.137126
R39:11006.425150,0.036419,11007.159285,11007.195707
R40:11006.538683,0.015124,11007.197293,11007.212418
R41:11006.668083,0.176741,11007.213288,11007.390032
R42:11006.732555,0.033415,11007.391142,11007.424558
R43:11006.928945,0.186534,11007.425296,11007.611832
R44:11006.957852,0.096708,11007.613380,11007.710102
R45:11007.005793,0.074024,11007.711156,11007.785182
R46:11007.354120,0.163059,11007.786202,11007.949262
R47:11007.473161,0.214719,11007.950285,11008.165029
R48:11007.537546,0.140512,11008.166671,11008.307185
R49:11007.594072,0.201567,11008.308571,11008.510139
R50:11007.722195,0.020260,11008.511240,11008.531501
R51:11007.795411,0.210611,11008.532490,11008.743102
R52:11008.128875,0.177430,11008.745609,11008.923041
R53:11008.146650,0.047129,11008.925000,11008.972374
R54:11008.260538,0.027498,11008.974133,11009.001633
R55:11008.368092,0.030616,11009.002665,11009.033281
R56:11008.539434,0.021360,11009.034168,11009.055530
R57:11008.605309,0.026941,11009.056816,11009.083758
R58:11008.628426,0.044893,11009.084987,11009.129881
R59:11008.718806,0.197754,11009.131319,11009.329087
R60:11008.739504,0.011230,11009.330430,11009.341661
R61:11008.751655,0.119092,11009.342371,11009.461463
R62:11008.827693,0.227786,11009.462673,11009.690479
R63:11009.292561,0.040266,11009.691798,11009.732065
R64:11009.420783,0.038326,11009.733179,11009.771507
R65:11009.574772,0.022026,11009.772725,11009.794752
R66:11009.613524,0.023355,11009.795737,11009.819093
R67:11009.711150,0.109777,11009.819646,11009.929424
R68:11009.729538,0.131443,11009.930983,11010.062427
R69:11009.744450,0.113898,11010.063683,11010.177582
R70:11009.764394,0.249818,11010.178975,11010.428795
R71:11009.773825,0.061436,11010.429946,11010.491383
R72:11009.779847,0.022877,11010.493382,11010.516259
R73:11009.801398,0.109934,11010.517163,11010.627099
R74:11009.979047,0.285300,11010.628384,11010.913686
R75:11010.097844,0.118834,11010.914918,11011.033754
R76:11010.211236,0.012076,11011.034736,11011.046813
R77:11010.222154,0.006788,11011.047377,11011.054166
R78:11010.303768,0.019082,11011.056166,11011.075249
R79:11010.311832,0.142751,11011.075950,11011.218702
R80:11010.380598,0.117406,11011.219925,11011.337332
R81:11010.475252,0.014312,11011.338634,11011.352948
R82:11010.481192,0.019047,11011.353655,11011.372703
R83:11011.809551,0.011172,11011.809682,11011.820856
R84:11012.054851,0.004631,11012.054922,11012.059555
R85:11012.734804,0.006256,11012.734931,11012.741190
R86:11012.962038,0.213737,11012.962111,11013.175851
R87:11012.962523,0.016575,11013.177182,11013.193766
R88:11013.062660,0.041423,11013.194443,11013.235867
R89:11013.082465,0.142759,11013.236565,11013.379325
R90:11013.353874,0.067004,11013.380248,11013.447253
R91:11013.403352,0.050211,11013.448230,11013.498442
R92:11013.499624,0.008747,11013.499674,11013.508422
R93:11013.628877,0.117992,11013.628969,11013.746976
R94:11013.713033,0.404774,11013.748192,11014.152967
R95:11013.753376,0.175048,11014.154342,11014.329399
R96:11013.848987,0.082609,11014.330704,11014.413315
R97:11014.002083,0.114795,11014.414189,11014.528986
R98:11014.006105,0.216275,11014.529818,11014.746099
R99:11014.205149,0.148173,11014.747400,11014.895574
R100:11014.434721,0.113487,11014.896507,11015.009995
R101:11014.866337,0.342518,11015.011088,11015.353607
R102:11015.126040,0.057307,11015.354958,11015.412265
R103:11015.248230,0.147669,11015.413292,11015.560963
R104:11015.268161,0.006677,11015.561940,11015.568618
R105:11015.512392,0.023756,11015.569446,11015.593212
R106:11015.629022,0.021687,11015.629084,11015.650772
R107:11015.739372,0.031755,11015.739434,11015.771192
R108:11015.873410,0.021935,11015.873473,11015.895409
R109:11015.917733,0.083549,11015.917788,11016.001339
R110:11015.926313,0.087755,11016.002145,11016.089901
R111:11015.954450,0.296387,11016.090741,11016.387149
R112:11016.033911,0.065824,11016.388479,11016.454312
R113:11016.070441,0.010019,11016.455304,11016.465323
R114:11016.211628,0.074818,11016.466109,11016.540935
R115:11016.282517,0.049959,11016.541645,11016.591604
R116:11016.603436,0.156817,11016.603493,11016.760311
R117:11016.649026,0.000270,11016.761498,11016.761769
R118:11016.712391,0.076042,11016.762556,11016.838599
R119:11016.759423,0.022203,11016.839490,11016.861701
R120:11016.958469,0.054968,11016.958538,11017.013507
R121:11017.083541,0.030315,11017.083598,11017.113914
R122:11017.156641,0.016798,11017.156694,11017.173493
R123:11017.295027,0.003477,11017.295131,11017.298608
R124:11017.403159,0.099223,11017.403216,11017.502460
R125:11017.462562,0.084593,11017.503395,11017.587998
R126:11017.587109,0.017009,11017.589354,11017.606363
R127:11017.634507,0.082217,11017.634564,11017.716800
R128:11017.738916,0.033171,11017.738974,11017.772146
R129:11017.884760,0.018826,11017.884842,11017.903670
R130:11018.034664,0.096201,11018.034729,11018.130931
R131:11018.316627,0.024785,11018.316724,11018.341517
R132:11018.434345,0.007644,11018.434406,11018.442051
R133:11018.518853,0.174891,11018.518939,11018.693844
R134:11018.552432,0.008202,11018.695114,11018.703317
R135:11018.681270,0.037399,11018.704142,11018.741549
R136:11018.694421,0.074955,11018.742214,11018.817170
R137:11018.789958,0.028398,11018.817907,11018.846306
R138:11018.912037,0.028351,11018.912144,11018.940497
R139:11019.078201,0.017534,11019.078262,11019.095805
R140:11019.122674,0.000299,11019.122732,11019.123031
R141:11019.584750,0.033557,11019.584827,11019.618393
R142:11019.779993,0.047799,11019.780071,11019.827881
R143:11019.803197,0.209371,11019.828888,11020.038259
R144:11020.157178,0.100075,11020.157248,11020.257324
R145:11020.318076,0.096473,11020.318157,11020.414632
R146:11020.334864,0.124036,11020.416278,11020.540316
R147:11020.388705,0.206683,11020.541440,11020.748124
R148:11020.707159,0.018966,11020.749394,11020.768361
R149:11020.927225,0.066181,11020.927303,11020.993485
R150:11021.102631,0.196097,11021.102693,11021.298792
R151:11021.141906,0.172609,11021.300069,11021.472698
R152:11021.409094,0.071541,11021.474026,11021.545568
R153:11021.485726,0.026674,11021.546459,11021.573133
R154:11021.505485,0.056505,11021.573846,11021.630352
R155:11021.727695,0.157508,11021.727762,11021.885272
R156:11021.796942,0.028665,11021.886797,11021.915463
R157:11021.873100,0.096048,11021.916607,11022.012674
R158:11021.895245,0.012477,11022.013774,11022.026253
R159:11022.039765,0.056509,11022.039819,11022.096329
R160:11022.142482,0.107356,11022.142578,11022.249935
R161:11022.344873,0.020915,11022.344940,11022.365856
R162:11022.366710,0.010772,11022.366752,11022.377525
R163:11022.443456,0.037248,11022.443519,11022.480768
R164:11022.460031,0.223892,11022.482097,11022.705991
R165:11022.503691,0.081093,11022.707236,11022.788330
R166:11022.769406,0.142038,11022.789384,11022.931436
R167:11022.970880,0.033994,11022.970937,11023.004932
R168:11023.047077,0.089615,11023.047179,11023.136795
R169:11023.102816,0.024969,11023.137802,11023.162772
R170:11023.207165,0.006276,11023.207223,11023.213500
R171:11023.225403,0.086823,11023.225455,11023.312280
R172:11023.238098,0.028338,11023.315543,11023.343882
R173:11023.288320,0.007964,11023.344870,11023.352836
R174:11023.333082,0.227135,11023.353557,11023.580693
R175:11023.395060,0.025709,11023.581866,11023.607577
R176:11023.492421,0.119546,11023.609317,11023.728864
R177:11023.611919,0.014259,11023.729950,11023.744210
R178:11023.686209,0.081884,11023.744946,11023.826831
R179:11023.924693,0.019416,11023.924863,11023.944281
R180:11024.005805,0.046289,11024.005860,11024.052151
R181:11024.096445,0.041793,11024.096498,11024.138292
R182:11024.293323,0.032879,11024.293400,11024.326280
R183:11024.324491,0.084827,11024.327210,11024.412037
R184:11024.469743,0.034405,11024.469823,11024.504229
R185:11024.935304,0.012189,11024.935391,11024.947582
R186:11025.188556,0.000452,11025.188630,11025.189084
R187:11025.247364,0.124078,11025.247421,11025.371499
R188:11025.417296,0.010149,11025.417351,11025.427501
R189:11025.455964,0.106380,11025.456063,11025.562450
R190:11025.678983,0.049684,11025.679044,11025.728730
R191:11025.684634,0.102558,11025.729890,11025.832448
R192:11026.162736,0.053521,11026.162827,11026.216350
R193:11026.189101,0.008219,11026.217562,11026.225782
R194:11026.411854,0.040226,11026.412028,11026.452257
R195:11026.423575,0.089198,11026.454226,11026.543425
R196:11026.463497,0.011768,11026.544347,11026.556117
R197:11026.647521,0.004575,11026.647588,11026.652164
R198:11026.653440,0.126507,11026.653570,11026.780078
R199:11026.721471,0.048700,11026.781142,11026.829852
R200:11026.852391,0.074226,11026.852457,11026.926684
R201:11026.866511,0.062901,11026.927787,11026.990689
R202:11026.962569,0.037441,11026.991918,11027.029360
R203:11027.063054,0.182978,11027.063112,11027.246092
R204:11027.103387,0.015509,11027.246951,11027.262461
R205:11027.175330,0.062168,11027.263238,11027.325408
R206:11027.279916,0.075569,11027.326708,11027.402278
R207:11027.387166,0.147569,11027.403155,11027.550728
R208:11027.416754,0.008672,11027.552120,11027.560794
R209:11027.424843,0.015492,11027.561902,11027.577395
R210:11027.710804,0.021294,11027.710888,11027.732184
R211:11027.783888,0.028638,11027.783945,11027.812584
R212:11027.978726,0.175501,11027.978834,11028.154337
R213:11028.027895,0.140575,11028.155664,11028.296241
R214:11028.074824,0.003084,11028.297425,11028.300509
R215:11028.194437,0.125520,11028.301197,11028.426717
R216:11028.227528,0.150710,11028.427608,11028.578319
R217:11028.336812,0.020813,11028.579341,11028.600155
R218:11028.377765,0.078991,11028.601289,11028.680280
R219:11028.402308,0.093560,11028.681250,11028.774811
R220:11028.415236,0.105920,11028.776255,11028.882185
R221:11028.584651,0.042734,11028.883159,11028.925902
R222:11028.609533,0.047431,11028.926965,11028.974410
R223:11028.651725,0.040613,11028.975402,11029.016043
R224:11028.680934,0.014008,11029.016808,11029.030816
R225:11028.765535,0.001224,11029.031528,11029.032753
R226:11028.855656,0.040128,11029.033366,11029.073580
R227:11028.908836,0.111429,11029.075531,11029.186963
R228:11028.949403,0.087404,11029.188352,11029.275757
R229:11028.982945,0.210052,11029.276700,11029.486754
R230:11029.072413,0.138300,11029.487944,11029.626246
R231:11029.201169,0.031158,11029.627328,11029.658487
R232:11029.334174,0.000502,11029.659426,11029.659929
R233:11029.449547,0.154777,11029.660930,11029.815716
R234:11029.534188,0.085763,11029.816650,11029.902426
R235:11029.641272,0.042667,11029.903584,11029.946253
R236:11029.722513,0.105744,11029.947293,11030.053058
R237:11029.772489,0.094385,11030.055901,11030.150288
R238:11029.952416,0.002787,11030.151135,11030.153923
R239:11029.970876,0.096456,11030.154788,11030.251245
R240:11029.978182,0.080404,11030.251987,11030.332411
R241:11030.001276,0.069912,11030.333397,11030.403318
R242:11030.135178,0.000477,11030.403957,11030.404435
R243:11030.136293,0.025269,11030.405386,11030.430656
R244:11030.176769,0.162400,11030.431517,11030.593938
R245:11030.295151,0.034797,11030.595435,11030.630233
R246:11030.317372,0.176004,11030.632263,11030.808268
R247:11030.439707,0.031313,11030.809521,11030.840841
R248:11030.557440,0.017177,11030.841591,11030.858768
R249:11030.797804,0.058341,11030.859467,11030.917809
R250:11030.816838,0.093829,11030.918539,11031.012369
R251:11031.013063,0.017675,11031.013319,11031.030995
R252:11031.273676,0.102034,11031.273751,11031.375787
R253:11031.329473,0.066062,11031.376795,11031.442858
R254:11031.555296,0.224617,11031.555359,11031.779984
R255:11031.704572,0.217625,11031.781206,11031.998851
R256:11031.734112,0.225779,11031.999803,11032.225584
R257:11031.823212,0.067019,11032.226778,11032.293809
R258:11031.899034,0.133972,11032.294798,11032.428772
R259:11032.210066,0.075219,11032.429793,11032.505022
R260:11032.397107,0.446682,11032.505836,11032.952518
R261:11032.516102,0.032697,11032.953629,11032.986339
R262:11032.821331,0.074129,11032.986994,11033.061142
R263:11033.051802,0.118692,11033.061862,11033.180566
R264:11033.164689,0.132026,11033.181458,11033.313485
R265:11033.330668,0.077275,11033.330713,11033.407990
R266:11033.364565,0.015222,11033.408792,11033.424019
R267:11033.435257,0.166926,11033.435311,11033.602237
R268:11033.611627,0.090990,11033.611681,11033.702672
R269:11033.840986,0.078892,11033.841064,11033.919960
R270:11033.900146,0.086444,11033.920874,11034.007319
R271:11034.001118,0.013381,11034.008109,11034.021491
R272:11034.087091,0.002793,11034.087152,11034.089946
R273:11034.183278,0.060844,11034.183363,11034.244209
R274:11034.317457,0.060309,11034.317524,11034.377835
R275:11034.516103,0.056081,11034.516180,11034.572263
R276:11034.529412,0.004143,11034.573413,11034.577557
R277:11034.608772,0.040465,11034.608833,11034.649299
R278:11034.795940,0.050142,11034.796065,11034.846208
R279:11034.908797,0.044405,11034.908863,11034.953288
R280:11034.926105,0.043514,11034.954179,11034.997694
R281:11034.957661,0.105368,11034.998408,11035.103778
R282:11034.959648,0.139697,11035.104374,11035.244071
R283:11035.054430,0.049328,11035.244793,11035.294123
R284:11035.151555,0.444320,11035.295365,11035.739706
R285:11035.223668,0.006430,11035.740499,11035.746930
R286:11035.230403,0.075793,11035.747756,11035.823551
R287:11035.344178,0.020682,11035.824202,11035.844885
R288:11035.372170,0.214219,11035.845543,11036.059763
R289:11035.482729,0.051790,11036.060672,11036.112463
R290:11035.631548,0.158420,11036.113170,11036.271591
R291:11035.697086,0.247849,11036.272517,11036.520375
R292:11036.036058,0.121398,11036.521363,11036.642761
R293:11036.290952,0.064123,11036.643592,11036.707735
R294:11036.336070,0.054102,11036.708496,11036.762599
R295:11036.363581,0.052306,11036.763286,11036.815593
R296:11036.696067,0.284973,11036.816264,11037.101238
R297:11036.935753,0.051047,11037.102303,11037.153351
R298:11036.958332,0.121196,11037.154307,11037.275505
R299:11037.126726,0.024821,11037.276445,11037.301267
R300:11037.388074,0.275881,11037.388134,11037.664017
R301:11037.547447,0.042900,11037.665214,11037.708115
R302:11037.592269,0.067370,11037.708891,11037.776262
R303:11037.683712,0.017666,11037.777126,11037.794793
R304:11037.791879,0.037204,11037.795371,11037.832576
R305:11037.864126,0.206932,11037.864178,11038.071112
R306:11037.985456,0.077732,11038.073332,11038.151067
R307:11038.011804,0.009690,11038.152160,11038.161851
R308:11038.234719,0.018491,11038.234792,11038.253285
R309:11038.286730,0.074849,11038.286794,11038.361643
R310:11038.402318,0.075599,11038.402426,11038.478026
R311:11038.527794,0.068580,11038.527849,11038.596439
R312:11038.534563,0.023158,11038.597359,11038.620519
R313:11038.626749,0.035113,11038.626793,11038.661908
R314:11038.628938,0.214415,11038.662804,11038.877220
R315:11038.629965,0.122722,11038.878296,11039.001019
R316:11038.732202,0.225595,11039.002457,11039.228066
R317:11038.974715,0.049514,11039.229435,11039.278959
R318:11038.995907,0.132156,11039.279919,11039.412076
R319:11039.070260,0.281006,11039.412859,11039.693867
R320:11039.183612,0.028881,11039.694660,11039.723542
R321:11039.202410,0.037979,11039.724473,11039.762471
R322:11039.440080,0.114741,11039.763441,11039.878183
R323:11039.695316,0.026568,11039.879125,11039.905693
R324:11039.767104,0.010873,11039.906325,11039.917199
R325:11040.092790,0.081336,11040.092890,11040.174228
R326:11040.315935,0.215346,11040.316047,11040.531397
R327:11040.456889,0.027640,11040.534508,11040.562149
R328:11040.479510,0.018906,11040.563563,11040.582470
R329:11040.499864,0.016156,11040.583314,11040.599471
R330:11040.609198,0.021516,11040.609254,11040.630771
R331:11040.624270,0.001164,11040.631313,11040.632478
R332:11040.950542,0.010652,11040.950664,11040.961317
R333:11040.970095,0.087139,11040.970149,11041.057293
R334:11041.039019,0.008859,11041.059142,11041.068017
R335:11041.313313,0.006097,11041.313432,11041.319531
R336:11041.420652,0.057170,11041.420701,11041.478593
R337:11041.476310,0.028915,11041.501170,11041.531412
R338:11041.540990,0.202906,11041.541274,11041.744182
R339:11041.572155,0.017633,11041.745435,11041.763068
R340:11041.664984,0.047113,11041.764140,11041.811254
R341:11041.668950,0.116660,11041.811875,11041.928537
R342:11041.855804,0.516639,11041.930324,11042.447042
R343:11041.904796,0.061782,11042.448350,11042.510134
R344:11041.908864,0.090341,11042.510990,11042.601332
R345:11041.933807,0.033077,11042.602319,11042.635397
R346:11042.067532,0.086706,11042.635936,11042.722644
R347:11042.312183,0.004289,11042.723882,11042.728173
R348:11042.358649,0.135519,11042.728931,11042.864464
R349:11042.520384,0.095455,11042.865770,11042.961226
R350:11042.653703,0.031278,11042.962127,11042.993424
R351:11042.914344,0.029477,11042.994165,11043.023643
R352:11043.069514,0.017464,11043.069559,11043.087024
R353:11043.253721,0.004577,11043.253803,11043.258381
R354:11043.353172,0.014260,11043.353239,11043.367509
R355:11043.365084,0.012198,11043.368433,11043.380632
R356:11043.396224,0.004984,11043.396285,11043.401269
R357:11043.495113,0.242465,11043.495173,11043.737659
R358:11043.739940,0.216100,11043.739978,11043.956098
R359:11043.746391,0.024751,11043.957366,11043.982118
R360:11043.816747,0.015411,11043.982987,11043.998399
R361:11043.915039,0.053912,11043.999033,11044.052945
R362:11044.012674,0.217050,11044.053657,11044.270715
R363:11044.200533,0.072739,11044.272252,11044.344999
R364:11044.283649,0.021266,11044.345973,11044.367240
R365:11044.428908,0.083666,11044.428974,11044.512642
R366:11044.463037,0.001399,11044.513683,11044.515083
R367:11044.548931,0.035585,11044.548995,11044.584581
R368:11044.846901,0.061622,11044.846987,11044.908611
R369:11044.872548,0.030581,11044.909432,11044.940022
R370:11044.929520,0.086335,11044.940765,11045.027101
R371:11045.056145,0.026114,11045.056204,11045.082319
R372:11045.121267,0.033734,11045.121314,11045.155048
R373:11045.256261,0.118652,11045.256317,11045.374971
R374:11045.283125,0.095889,11045.376283,11045.472177
R375:11045.316317,0.155427,11045.473461,11045.628897
R376:11045.318154,0.076517,11045.630252,11045.706770
R377:11045.530779,0.091875,11045.708332,11045.800210
R378:11045.573894,0.156990,11045.800893,11045.957884
R379:11045.657081,0.024668,11045.959259,11045.983930
R380:11045.689103,0.060194,11045.985184,11046.045380
R381:11045.697578,0.078769,11046.046752,11046.125523
R382:11045.942685,0.143518,11046.126573,11046.270106
R383:11046.026895,0.111220,11046.271535,11046.382765
R384:11046.383254,0.037183,11046.383859,11046.421043
R385:11046.430114,0.002013,11046.430165,11046.432179
R386:11046.435121,0.055665,11046.435174,11046.490839
R387:11046.435702,0.102658,11046.491690,11046.594349
R388:11046.474217,0.059006,11046.596046,11046.655054
R389:11046.664870,0.006791,11046.664972,11046.671765
R390:11046.734950,0.055081,11046.735036,11046.790118
R391:11046.758541,0.003697,11046.791205,11046.794903
R392:11047.044017,0.023404,11047.044098,11047.067504
R393:11047.053855,0.078733,11047.068588,11047.147322
R394:11047.191945,0.271566,11047.192039,11047.463607
R395:11047.202814,0.015136,11047.465405,11047.480542
R396:11047.427386,0.117988,11047.481292,11047.599298
R397:11047.499221,0.000584,11047.600253,11047.600838
R398:11047.666243,0.111130,11047.666304,11047.777435
R399:11047.762310,0.213201,11047.778780,11047.991992
R400:11047.913642,0.129124,11047.993143,11048.122268
R401:11047.924928,0.008917,11048.123196,11048.132115
R402:11048.250209,0.022795,11048.250277,11048.273074
R403:11048.285961,0.008322,11048.286028,11048.294352
R404:11048.470377,0.027053,11048.470451,11048.497513
R405:11048.623020,0.231335,11048.623088,11048.854424
R406:11048.644194,0.008473,11048.855358,11048.863832
R407:11048.803194,0.155508,11048.864648,11049.020157
R408:11049.244243,0.098263,11049.244319,11049.342593
R409:11049.290713,0.047489,11049.343830,11049.391320
R410:11049.358483,0.032628,11049.392213,11049.424842
R411:11049.476467,0.011603,11049.476518,11049.488122
R412:11049.578464,0.039568,11049.578529,11049.618098
R413:11049.587905,0.089871,11049.619385,11049.709266
R414:11049.604282,0.177164,11049.710216,11049.887394
R415:11049.617809,0.019735,11049.888175,11049.907911
R416:11049.714881,0.062721,11049.908723,11049.971445
R417:11049.837519,0.239051,11049.972475,11050.211546
R418:11049.879168,0.010851,11050.212767,11050.223618
R419:11050.041651,0.060290,11050.224283,11050.284573
R420:11050.046024,0.019809,11050.285455,11050.305265
R421:11050.102665,0.014546,11050.305864,11050.320411
R422:11050.169681,0.047395,11050.321140,11050.368535
R423:11050.210645,0.087434,11050.369169,11050.456622
R424:11050.211272,0.051650,11050.457604,11050.509255
R425:11050.226276,0.126272,11050.510049,11050.636323
R426:11050.236062,0.096180,11050.637246,11050.733439
R427:11050.407372,0.168241,11050.734306,11050.902567
R428:11050.675232,0.004028,11050.903312,11050.907340
R429:11050.682441,0.016247,11050.908289,11050.924537
R430:11050.765656,0.009667,11050.925172,11050.934839
R431:11051.057821,0.075568,11051.057928,11051.133497
R432:11051.113647,0.100425,11051.134293,11051.234720
R433:11051.226720,0.043493,11051.235707,11051.279201
R434:11051.312920,0.071832,11051.312971,11051.384823
R435:11051.504997,0.020890,11051.505069,11051.525972
R436:11051.787870,0.039060,11051.787948,11051.827020
R437:11051.960928,0.008548,11051.961093,11051.969670
R438:11052.014431,0.040826,11052.014492,11052.055333
R439:11052.197805,0.226737,11052.197871,11052.424610
R440:11052.350687,0.148383,11052.426494,11052.574878
R441:11052.561039,0.084035,11052.575882,11052.659926
R442:11052.700365,0.081660,11052.700422,11052.782083
R443:11052.781064,0.072056,11052.783240,11052.855298
R444:11052.858671,0.002493,11052.858707,11052.861202
R445:11052.982518,0.076296,11052.982602,11053.058900
R446:11053.139269,0.012951,11053.139327,11053.152279
R447:11053.155920,0.125202,11053.155946,11053.281149
R448:11053.180170,0.110767,11053.282152,11053.392920
R449:11053.386830,0.091561,11053.393865,11053.485427
R450:11053.409458,0.009298,11053.486285,11053.495583
R451:11053.451199,0.008987,11053.496294,11053.505282
R452:11053.694921,0.026262,11053.694985,11053.721250
R453:11053.767565,0.028276,11053.767627,11053.795904
R454:11053.792342,0.244790,11053.796983,11054.041793
R455:11053.911462,0.058923,11054.042894,11054.101818
R456:11053.939359,0.229529,11054.102640,11054.332187
R457:11054.106847,0.029083,11054.333654,11054.362737
R458:11054.123897,0.086190,11054.363662,11054.449853
R459:11054.215432,0.022089,11054.450544,11054.472634
R460:11054.445111,0.082710,11054.473190,11054.555900
R461:11054.569697,0.139719,11054.569761,11054.709481
R462:11054.768332,0.002405,11054.768438,11054.770844
R463:11054.933337,0.080103,11054.933404,11055.013524
R464:11055.032561,0.124095,11055.032617,11055.156731
R465:11055.192928,0.006655,11055.192991,11055.199647
R466:11055.230124,0.015801,11055.230171,11055.245973
R467:11055.465765,0.037163,11055.465834,11055.503026
R468:11055.487721,0.039663,11055.504294,11055.543958
R469:11055.552760,0.008844,11055.552820,11055.561664
R470:11055.668677,0.169660,11055.668726,11055.838388
R471:11055.712498,0.009167,11055.839490,11055.848659
R472:11055.816455,0.115431,11055.849438,11055.964878
R473:11055.998595,0.038080,11055.998653,11056.036735
R474:11056.055158,0.026476,11056.055218,11056.081696
R475:11056.110877,0.005890,11056.110927,11056.116817
R476:11056.212642,0.047165,11056.212701,11056.259868
R477:11056.470248,0.093622,11056.470315,11056.563957
R478:11056.707036,0.053165,11056.707089,11056.760274
R479:11056.776589,0.021178,11056.776656,11056.797843
R480:11056.815052,0.071644,11056.815107,11056.886751
R481:11056.846454,0.011231,11056.887614,11056.898845
R482:11056.886288,0.054519,11056.899689,11056.954209
R483:11057.040120,0.017816,11057.040182,11057.057999
R484:11057.114065,0.011930,11057.114122,11057.126053
R485:11057.331663,0.017004,11057.331728,11057.348734
R486:11057.370245,0.192528,11057.370304,11057.562832
R487:11057.370576,0.137790,11057.563569,11057.701359
R488:11057.408457,0.096936,11057.702173,11057.799110
R489:11057.525267,0.003813,11057.800313,11057.804127
R490:11057.546711,0.124326,11057.804997,11057.929324
R491:11057.903605,0.164599,11057.930127,11058.094746
R492:11057.916944,0.429100,11058.095812,11058.524917
R493:11057.942770,0.091862,11058.526398,11058.618289
R494:11058.028139,0.146954,11058.619236,11058.766210
R495:11058.097830,0.103706,11058.767427,11058.871135
R496:11058.345480,0.017920,11058.871926,11058.889847
R497:11058.403236,0.014006,11058.890501,11058.904508
R498:11058.605526,0.032612,11058.906182,11058.938795
R499:11058.729996,0.063366,11058.941111,11059.004479
